1.206071
1.320617
1.175255
2.006935
1.565315
1.523095
1.349767
2.096216
1.490234
1.08348
0.977619
0.947001
1.005761
1.073025
1.073999
1.032846
1.047703
0.926612
1.112064
1.121711
1.057623
1.107604
1.208348
1.368615
2.293896
1.592735
1.53248
2.096403
1.352725
1.619489
1.306804
1.084058
1.030018
0.99035
0.997591
1.102916
1.250247
1.567924
1.561716
1.378546
1.3892
1.359511
1.312602
2.257415
1.278289
1.835567
1.747159
2.309995
1.326859
1.661222
2.39061
1.419082
1.239507
2.356071
1.478564
1.271148
1.162254
1.067264
1.675237
1.087744
1.767351
1.50312
1.572063
1.366827
1.247006
1.22547
1.235125
1.014489
1.757704
1.237147
1.497373
1.299989
1.409286
1.450333
1.493006
1.287072
